22
0
1
1
15
10
3
13
1
4
9
8
12
6
14
5
7
2
0
11
19
12
18
0
4
10
2
17
7
1
3
8
15
9
13
5
14
11
16
6
21
18
2
11
19
7
14
20
17
10
4
13
1
9
0
3
6
12
8
5
15
16
9
8
4
2
3
1
7
6
5
0
7
3
4
2
6
5
0
1
12
9
6
2
1
8
11
0
7
10
4
3
5
9
2
7
0
4
1
5
8
3
6
20
7
9
15
8
17
0
14
11
3
5
10
4
18
12
19
13
16
2
6
1
12
7
8
0
6
1
5
4
9
11
3
10
2
21
19
14
2
18
1
6
7
16
4
10
13
20
9
15
0
3
5
8
11
17
12
11
0
7
10
6
1
5
3
4
2
9
8
8
0
5
7
1
6
4
2
3
7
2
3
0
4
1
6
5
4
3
2
0
1
4
1
0
3
2
14
7
5
11
12
0
4
1
13
10
8
2
9
6
3
10
5
8
3
2
6
4
7
9
0
1
18
13
9
11
7
16
14
10
0
17
15
3
5
4
6
12
8
1
2
4
3
2
0
1
2
1
0
